lastAccountName: The_Safi
timestamps:
  login: 1482369438493
ipAddress: 67.84.160.57
lastlocation:
  world: world
  x: -724.9250000119209
  y: 81.0
  z: -1059.300000011921
  yaw: 316.50027
  pitch: -23.850006
