lastAccountName: harrington07
timestamps:
  login: 1482369092604
ipAddress: 50.182.31.191
lastlocation:
  world: world
  x: -714.6999999880791
  y: 81.0
  z: -1048.3043943723897
  yaw: 155.25024
  pitch: -29.249994
