lastAccountName: elilikesbutter
timestamps:
  login: 1482370540227
  logout: 1482370531016
ipAddress: 74.90.44.193
lastlocation:
  world: world
  x: -714.3770487114906
  y: 81.0
  z: -1054.3431415935324
  yaw: 196.50018
  pitch: 44.699932
logoutlocation:
  world: world
  x: -714.3770487114906
  y: 81.0
  z: -1054.3431415935324
  yaw: 196.50018
  pitch: 44.699932
