lastlocation:
  world: world
  x: -721.5
  y: 63.0
  z: -1109.5
  yaw: 0.0
  pitch: 0.0
lastAccountName: NightStalker026
timestamps:
  login: 1482369754041
  logout: 1482369875604
ipAddress: 74.64.89.138
logoutlocation:
  world: world
  x: -708.2976913187546
  y: 1.0
  z: -1148.9653770794514
  yaw: 182.02014
  pitch: 6.916573
