lastAccountName: DillNana
timestamps:
  login: 1482370270825
  logout: 1482370013558
ipAddress: 98.67.127.70
lastlocation:
  world: world
  x: -721.5
  y: 63.0
  z: -1109.5
  yaw: 0.0
  pitch: 0.0
logoutlocation:
  world: world
  x: -724.3330557191422
  y: 70.0
  z: -1087.5597770720753
  yaw: 330.28088
  pitch: 10.707496
