spawns: 
  default: 
    world: world
    x: -722.398415867802
    y: 83.0
    z: -1051.6523037505235
    yaw: -7.0500054
    pitch: 86.849976
